image_width: 640
image_height: 480
camera_name: camera
camera_matrix:
  rows: 3
  cols: 3
  data:
  - 605.1493168657835
  - 0.0
  - 322.44377170688375
  - 0.0
  - 603.7024150282429
  - 255.35359777134994
  - 0.0
  - 0.0
  - 1.0
distortion_model: plumb_bob
distortion_coefficients:
  rows: 1
  cols: 5
  data:
  - 0.08304721154475792
  - 0.7143613495350506
  - 0.0019988085369121882
  - -0.0020024181540380164
  - -3.205588718539823
rectification_matrix:
  rows: 3
  cols: 3
  data:
  - 1.0
  - 0.0
  - 0.0
  - 0.0
  - 1.0
  - 0.0
  - 0.0
  - 0.0
  - 1.0
projection_matrix:
  rows: 3
  cols: 4
  data:
  - 605.1493168657835
  - 0.0
  - 322.44377170688375
  - 0.0
  - 0.0
  - 603.7024150282429
  - 255.35359777134994
  - 0.0
  - 0.0
  - 0.0
  - 1.0
  - 0.0
